4
0
0
5
4
5
4
1
24
11
9
9
24
6
18
20
24
20
24
0
0
4
5
5
4
3
5
2
3
5
4
5
3
2
3
2
2
3
3
1
24
1
1
1
24
24
1
2
2
2
24
2
24
2
0
24
0
4
5
2
4
5
5
3
3
24
4
5
5
10
4
1
0
2
3
3
3
0
2
2
2
2
24
1
0
24
2
5
3
3
24
4
5
2
-1
4
3
3
3
0
2
2
2
1
0
1
1
4
1
1
16
1
24
0
1
24
3
3
2
1
1
3
3
24
4
5
2
-1
4
3
3
3
0
2
2
2
8
1
4
5
2
1
4
2
2
2
24
2
24
1
0
4
2
-1
4
2
5
3
3
24
17
3
3
0
2
2
1
0
1
1
1
4
1
24
0
4
3
5
2
3
5
4
5
3
2
3
2
2
3
3
1
24
1
1
1
24
24
1
3
3
2
2
2
24
2
24
2
0
24
0
1
15
3
14
1
1
0
1
11
5
1
13
5
19
24
1
1
0
0
1
1
5
5
5
12
3
4
20
0
18
24
16
16
23
0
1
22
7
1
23
4
21
