2
4
4
4
4
2
2
2
2
2
3
2
2
5
4
4
4
13
29
29
1
29
29
29
1
2
2
2
4
29
27
27
29
2
29
3
1
7
1
1
1
29
1
7
1
29
1
1
1
1
1
1
1
29
1
10
1
6
0
1
3
3
3
1
6
6
0
0
6
6
6
6
1
1
3
1
2
-1
18
-1
3
6
6
6
0
0
6
6
6
0
0
6
0
0
6
6
6
0
6
6
0
0
6
6
0
0
0
0
0
3
3
0
5
3
0
6
3
1
3
1
1
29
6
0
6
6
29
2
6
6
10
29
6
29
4
3
3
6
0
6
29
29
3
3
6
29
5
1
2
1
1
29
29
2
21
2
4
4
4
4
28
2
5
5
1
4
29
3
2
3
5
16
4
4
4
5
23
5
5
5
17
4
2
5
29
1
2
14
1
16
2
2
2
1
29
29
4
1
3
20
8
3
25
24
16
3
9
2
1
4
2
-1
4
-1
4
3
6
3
6
0
29
3
3
6
29
5
1
2
1
1
29
29
2
2
2
5
5
5
19
4
4
4
4
4
4
2
5
4
5
2
3
5
4
2
4
4
5
5
2
5
11
5
-1
5
5
5
21
5
4
4
5
26
26
2
5
12
4
29
2
5
4
5
5
29
2
28
3
4
4
29
1
2
29
24
15
22
1
2
1
1
1
1
1
29
29
