0
0
7
35
4
7
7
35
35
1
35
0
5
4
10
35
4
35
10
4
35
7
11
3
3
3
2
2
3
3
3
1
25
0
7
0
0
35
35
4
35
4
12
12
7
0
35
0
4
3
4
7
35
35
4
0
10
4
10
7
3
2
3
2
1
2
1
3
3
3
3
3
3
3
3
2
2
3
1
3
3
1
0
5
0
0
25
35
0
35
1
0
4
7
5
9
7
9
5
5
1
10
2
29
5
5
27
4
7
10
10
10
1
5
5
7
5
7
25
29
1
8
2
2
35
10
3
35
23
1
1
3
7
35
0
4
3
4
7
35
35
4
0
10
4
10
7
3
2
3
2
1
2
1
3
3
3
3
3
3
3
3
2
2
3
1
3
3
1
0
5
0
0
25
35
0
35
1
0
4
7
0
1
4
2
1
2
2
0
19
2
3
3
2
-1
3
32
0
0
1
35
30
10
17
30
1
35
1
7
7
10
18
1
4
2
7
2
2
2
2
3
3
2
2
2
2
2
2
7
12
2
2
10
35
5
3
28
-1
0
2
8
22
5
5
2
7
26
7
0
35
0
35
0
35
4
35
34
35
15
26
4
21
35
1
33
7
35
4
35
35
35
35
4
0
0
7
1
31
10
20
-1
0
2
1
3
31
3
3
1
13
10
5
11
6
-1
4
16
22
27
27
14
-1
7
1
4
4
10
0
7
4
4
25
24
10
3
5
1
10
2
5
4
1
10
1
3
5
35
4
10
10
10
1
4
1
4
10
10
10
3
5
1
10
2
5
4
1
10
1
3
5
35
4
10
10
10
1
4
1
4
10
1
10
