8
5
6
5
18
5
5
8
8
0
8
25
1
8
0
6
5
3
0
8
3
29
8
7
4
0
5
5
8
2
6
2
2
0
2
2
7
2
24
2
7
2
2
2
2
39
2
6
2
-1
8
8
8
8
-1
0
7
4
2
5
-1
4
1
8
5
8
8
0
0
0
23
3
0
22
8
-1
0
4
11
2
-1
2
0
6
39
0
8
5
5
6
1
4
0
0
1
-1
8
3
5
-1
4
5
8
8
8
-1
0
8
8
6
3
0
8
7
-1
2
2
2
2
3
1
6
-1
-1
2
1
4
4
2
0
8
2
39
3
3
3
15
8
13
3
2
3
3
3
0
3
1
37
32
5
1
-1
31
3
7
4
9
3
9
6
5
5
6
4
7
7
3
39
39
-1
3
2
27
2
4
1
9
4
6
6
3
4
4
3
3
-1
3
2
2
26
26
-1
1
3
1
1
29
6
4
5
0
3
0
0
6
7
8
7
0
8
3
6
5
39
0
7
7
0
7
19
3
0
0
0
2
35
0
4
0
6
4
6
4
1
4
7
7
5
5
7
8
2
39
38
2
5
7
6
7
10
4
36
-1
2
3
7
20
4
8
4
7
0
1
2
2
0
7
0
7
6
6
39
39
39
39
39
6
6
5
6
1
6
4
0
0
5
4
5
28
7
3
4
5
5
4
39
6
19
33
3
7
14
0
8
15
5
0
27
6
6
31
22
5
12
7
7
6
3
5
3
17
7
2
7
7
39
8
2
2
-1
4
3
-1
1
1
7
2
1
7
4
8
8
4
0
1
2
7
8
7
6
2
3
3
7
2
7
2
2
24
2
2
30
7
1
3
3
21
7
7
7
5
8
4
4
16
2
3
-1
6
1
7
7
7
34
0
39
39
5
0
0
3
39
0
0
-1
3
39
39
39
1
4
2
39
39
1
0
2
