6
10
8
6
32
18
8
38
10
38
8
8
51
15
5
8
1
18
50
8
51
8
43
36
6
8
1
8
18
10
38
5
47
48
6
-1
6
51
8
49
6
6
6
6
33
33
4
4
6
2
2
6
8
10
4
51
4
18
6
2
5
3
1
5
5
51
51
18
3
8
18
18
40
8
5
10
3
35
10
10
5
10
2
3
2
1
40
40
18
40
40
1
1
10
2
18
51
1
3
8
2
5
3
5
2
5
4
3
6
2
2
18
18
13
2
2
40
40
40
8
1
5
18
10
6
44
1
2
2
6
8
10
4
51
4
18
6
2
5
3
1
5
5
51
51
18
3
8
18
18
40
8
5
10
3
35
10
10
5
10
2
3
2
1
40
40
18
40
40
1
1
10
2
18
51
1
3
8
2
5
3
5
2
5
4
3
6
2
2
18
18
13
2
2
40
40
40
8
1
5
18
10
6
44
1
2
2
6
8
10
4
51
4
18
6
2
5
3
1
5
5
51
51
18
3
8
18
18
40
8
5
10
3
10
10
5
10
2
3
2
1
40
40
18
40
40
1
1
10
2
18
51
1
3
8
2
5
3
5
2
5
4
3
6
2
2
18
18
13
2
2
40
40
40
8
1
5
18
10
6
44
1
5
47
48
6
-1
6
51
8
49
6
6
6
6
33
33
4
4
-1
12
51
6
40
7
2
33
10
33
2
5
4
5
3
5
4
40
5
6
8
10
3
3
-1
6
18
15
6
15
39
40
10
42
51
48
25
8
51
23
6
7
38
3
-1
20
8
6
32
41
50
27
7
18
5
18
36
3
6
8
25
-1
34
25
51
44
30
42
8
36
0
19
36
19
28
26
19
34
34
26
42
-1
28
28
3
3
6
10
51
31
37
3
21
9
8
7
0
25
17
-1
40
8
8
23
4
5
5
3
5
4
51
51
51
31
2
7
1
24
5
51
-1
51
51
51
21
21
51
6
18
5
-1
6
6
6
6
2
10
5
51
11
-1
-1
6
11
5
-1
13
4
-1
-1
4
-1
1
24
6
51
5
12
2
3
5
-1
6
46
3
-1
-1
3
22
3
3
3
8
5
-1
8
6
30
18
14
-1
2
39
3
7
8
51
16
51
45
8
40
51
10
51
-1
-1
6
51
4
-1
4
5
4
4
29
23
8
6
6
6
-1
6
6
6
5
29
6
29
6
7
