3
5
0
0
27
6
0
3
1
5
6
0
6
0
6
6
25
27
5
0
5
4
0
6
6
27
0
5
5
1
6
27
1
2
1
6
4
6
1
5
5
5
17
5
4
0
6
6
27
1
6
27
27
2
1
3
5
4
-1
6
0
0
5
6
0
1
2
3
22
27
6
6
3
1
1
5
4
4
4
2
3
2
6
2
7
2
7
3
2
3
3
3
2
4
1
2
0
27
11
2
2
1
2
16
20
-1
5
16
16
18
3
2
1
6
27
19
2
27
27
8
3
5
0
0
27
6
0
3
1
5
6
0
6
0
6
6
25
27
5
0
5
4
0
6
6
27
0
5
5
1
6
27
1
2
1
3
5
0
0
27
6
0
3
1
5
6
0
6
0
27
5
0
5
4
0
6
6
27
0
5
5
1
6
27
1
2
1
3
5
0
0
27
6
0
3
1
5
6
0
6
0
27
5
0
5
4
0
6
6
27
0
5
5
1
6
27
1
2
1
2
27
2
24
2
15
2
4
2
16
16
5
24
5
3
2
15
27
4
27
4
2
1
23
4
4
3
4
3
3
2
3
26
13
4
27
14
12
3
1
5
-1
6
6
3
6
6
1
10
0
0
1
1
27
0
21
9
4
3
27
3
4
2
4
2
3
23
3
3
